99.0000
89.9836
82.4586
76.0833
70.6129
65.8675
61.7119
58.0426
54.7789
51.8571
49.2262
46.8448
44.6790
42.7008
40.8868
39.2174
37.6760
36.2483
34.9223
33.6875
32.5347
31.4561
30.4448
29.4945
28.6000
27.7565
26.9597
26.2059
25.4916
24.8140
24.1701
23.5575
22.9741
22.4177
21.8866
21.3790
20.8935
20.4286
19.9830
19.5556
19.1452
18.7509
18.3717
18.0068
17.6555
17.3168
16.9903
16.6752
16.3709
16.0769
15.7927
15.5179
15.2518
14.9942
14.7447
14.5028
14.2682
14.0407
13.8198
13.6053
13.3969
13.1944
12.9975
12.8060
12.6196
12.4383
12.2616
12.0896
11.9220
11.7586
11.5993
11.4439
11.2924
11.1444
11.0000
10.8590
10.7212
10.5866
10.4551
10.3265
10.2008
10.0778
9.9576
9.8398
9.7246
9.6119
9.5014
9.3933
9.2873
9.1835
9.0817
8.9820
8.8842
8.7884
8.6943
8.6021
8.5116
8.4228
8.3356
8.2500
8.1660
8.0835
8.0024
7.9228
7.8446
7.7678
7.6922
7.6180
7.5450
7.4733
7.4027
7.3333
7.2651
7.1979
7.1319
7.0669
7.0029
6.9399
6.8779
6.8169
6.7568
6.6976
6.6394
6.5820
6.5254
6.4697
6.4148
6.3607
6.3074
6.2549
6.2031
6.1521
6.1017
6.0521
6.0032
5.9549
5.9073
5.8603
5.8140
5.7683
5.7232
5.6787
5.6348
5.5914
5.5487
5.5064
5.4648
5.4236
5.3830
5.3429
5.3032
5.2641
5.2255
5.1873
5.1496
5.1123
5.0755
5.0392
5.0032
4.9677
4.9327
4.8980
4.8637
4.8298
4.7963
4.7632
4.7305
4.6982
4.6662
4.6345
4.6032
4.5723
4.5417
4.5114
4.4815
4.4519
4.4226
4.3936
4.3649
4.3365
4.3085
4.2807
4.2532
4.2260
4.1991
4.1724
4.1460
4.1199
4.0941
4.0685
4.0432
4.0181
3.9933
3.9687
3.9443
3.9202
3.8963
3.8727
3.8493
3.8261
3.8031
3.7804
3.7578
3.7355
3.7134
3.6915
3.6698
3.6482
3.6269
3.6058
3.5849
3.5641
3.5436
3.5232
3.5030
3.4830
3.4632
3.4436
3.4241
3.4048
3.3856
3.3666
3.3478
3.3292
3.3107
3.2923
3.2742
3.2561
3.2383
3.2205
3.2030
3.1855
3.1682
3.1511
3.1341
3.1172
3.1005
3.0839
3.0674
3.0511
3.0349
3.0188
3.0029
2.9871
2.9714
2.9558
2.9404
2.9250
2.9098
2.8947
2.8798
2.8649
2.8502
2.8355
2.8210
2.8066
2.7923
2.7781
2.7640
2.7500
2.7361
2.7223
2.7087
2.6951
2.6816
2.6682
2.6549
2.6417
2.6286
2.6156
2.6027
2.5899
2.5772
2.5645
2.5520
2.5395
2.5272
2.5149
2.5027
2.4906
2.4785
2.4666
2.4547
2.4429
2.4312
2.4196
2.4080
2.3966
2.3852
2.3739
2.3626
2.3514
2.3404
2.3293
2.3184
2.3075
2.2967
2.2860
2.2753
2.2647
2.2542
2.2437
2.2333
2.2230
2.2127
2.2025
2.1924
2.1823
2.1723
2.1624
2.1525
2.1427
2.1329
2.1232
2.1136
2.1040
2.0945
2.0850
2.0756
2.0663
2.0570
2.0478
2.0386
2.0295
2.0204
2.0114
2.0024
1.9935
1.9847
1.9759
1.9671
1.9584
1.9498
1.9412
1.9326
1.9241
1.9157
1.9073
1.8989
1.8906
1.8824
1.8742
1.8660
1.8579
1.8498
1.8418
1.8338
1.8259
1.8180
1.8101
1.8023
1.7946
1.7868
1.7792
1.7715
1.7639
1.7564
1.7489
1.7414
1.7340
1.7266
1.7193
1.7119
1.7047
1.6974
1.6903
1.6831
1.6760
1.6689
1.6619
1.6549
1.6479
1.6410
1.6341
1.6272
1.6204
1.6136
1.6069
1.6001
1.5935
1.5868
1.5802
1.5736
1.5671
1.5606
1.5541
1.5476
1.5412
1.5348
1.5285
1.5222
1.5159
1.5096
1.5034
1.4972
1.4910
1.4849
1.4788
1.4727
1.4667
1.4607
1.4547
1.4487
1.4428
1.4369
1.4310
1.4252
1.4194
1.4136
1.4078
1.4021
1.3964
1.3907
1.3850
1.3794
1.3738
1.3683
1.3627
1.3572
1.3517
1.3462
1.3408
1.3354
1.3300
1.3246
1.3193
1.3139
1.3087
1.3034
1.2981
1.2929
1.2877
1.2825
1.2774
1.2723
1.2672
1.2621
1.2570
1.2520
1.2470
1.2420
1.2370
1.2321
1.2271
1.2222
1.2173
1.2125
1.2076
1.2028
1.1980
1.1932
1.1885
1.1837
1.1790
1.1743
1.1697
1.1650
1.1604
1.1558
1.1512
1.1466
1.1420
1.1375
1.1330
1.1285
1.1240
1.1195
1.1151
1.1107
1.1063
1.1019
1.0975
1.0932
1.0888
1.0845
1.0802
1.0759
1.0717
1.0674
1.0632
1.0590
1.0548
1.0506
1.0465
1.0423
1.0382
1.0341
1.0300
1.0259
1.0219
1.0178
1.0138
1.0098
1.0058
1.0018
0.9978
0.9939
0.9900
0.9860
0.9821
0.9783
0.9744
0.9705
0.9667
0.9629
0.9591
0.9553
0.9515
0.9477
0.9440
0.9402
0.9365
0.9328
0.9291
0.9254
0.9217
0.9181
0.9145
0.9108
0.9072
0.9036
0.9000
0.8965
0.8929
0.8894
0.8858
0.8823
0.8788
0.8753
0.8718
0.8684
0.8649
0.8615
0.8581
0.8546
0.8512
0.8478
0.8445
0.8411
0.8377
0.8344
0.8311
0.8278
0.8245
0.8212
0.8179
0.8146
0.8114
0.8081
0.8049
0.8017
0.7984
0.7952
0.7921
0.7889
0.7857
0.7826
0.7794
0.7763
0.7732
0.7701
0.7670
0.7639
0.7608
0.7577
0.7547
0.7516
0.7486
0.7456
0.7425
0.7395
0.7365
0.7336
0.7306
0.7276
0.7247
0.7217
0.7188
0.7159
0.7130
0.7101
0.7072
0.7043
0.7014
0.6985
0.6957
0.6928
0.6900
0.6872
0.6844
0.6816
0.6788
0.6760
0.6732
0.6704
0.6677
0.6649
0.6622
0.6594
0.6567
0.6540
0.6513
0.6486
0.6459
0.6432
0.6406
0.6379
0.6352
0.6326
0.6300
0.6273
0.6247
0.6221
0.6195
0.6169
0.6143
0.6117
0.6092
0.6066
0.6040
0.6015
0.5990
0.5964
0.5939
0.5914
0.5889
0.5864
0.5839
0.5814
0.5789
0.5765
0.5740
0.5716
0.5691
0.5667
0.5643
0.5618
0.5594
0.5570
0.5546
0.5522
0.5498
0.5475
0.5451
0.5427
0.5404
0.5380
0.5357
0.5334
0.5310
0.5287
0.5264
0.5241
0.5218
0.5195
0.5172
0.5149
0.5127
0.5104
0.5082
0.5059
0.5037
0.5014
0.4992
0.4970
0.4947
0.4925
0.4903
0.4881
0.4859
0.4838
0.4816
0.4794
0.4772
0.4751
0.4729
0.4708
0.4686
0.4665
0.4644
0.4623
0.4601
0.4580
0.4559
0.4538
0.4517
0.4497
0.4476
0.4455
0.4434
0.4414
0.4393
0.4373
0.4352
0.4332
0.4312
0.4291
0.4271
0.4251
0.4231
0.4211
0.4191
0.4171
0.4151
0.4131
0.4111
0.4092
0.4072
0.4052
0.4033
0.4013
0.3994
0.3975
0.3955
0.3936
0.3917
0.3898
0.3878
0.3859
0.3840
0.3821
0.3803
0.3784
0.3765
0.3746
0.3727
0.3709
0.3690
0.3672
0.3653
0.3635
0.3616
0.3598
0.3580
0.3561
0.3543
0.3525
0.3507
0.3489
0.3471
0.3453
0.3435
0.3417
0.3399
0.3382
0.3364
0.3346
0.3329
0.3311
0.3293
0.3276
0.3258
0.3241
0.3224
0.3206
0.3189
0.3172
0.3155
0.3138
0.3121
0.3104
0.3087
0.3070
0.3053
0.3036
0.3019
0.3002
0.2985
0.2969
0.2952
0.2936
0.2919
0.2902
0.2886
0.2870
0.2853
0.2837
0.2821
0.2804
0.2788
0.2772
0.2756
0.2740
0.2724
0.2707
0.2692
0.2676
0.2660
0.2644
0.2628
0.2612
0.2596
0.2581
0.2565
0.2549
0.2534
0.2518
0.2503
0.2487
0.2472
0.2457
0.2441
0.2426
0.2411
0.2395
0.2380
0.2365
0.2350
0.2335
0.2320
0.2305
0.2290
0.2275
0.2260
0.2245
0.2230
0.2215
0.2200
0.2186
0.2171
0.2156
0.2142
0.2127
0.2113
0.2098
0.2084
0.2069
0.2055
0.2040
0.2026
0.2012
0.1997
0.1983
0.1969
0.1955
0.1941
0.1927
0.1912
0.1898
0.1884
0.1870
0.1856
0.1843
0.1829
0.1815
0.1801
0.1787
0.1773
0.1760
0.1746
0.1732
0.1719
0.1705
0.1692
0.1678
0.1665
0.1651
0.1638
0.1624
0.1611
0.1598
0.1584
0.1571
0.1558
0.1544
0.1531
0.1518
0.1505
0.1492
0.1479
0.1466
0.1453
0.1440
0.1427
0.1414
0.1401
0.1388
0.1375
0.1362
0.1350
0.1337
0.1324
0.1312
0.1299
0.1286
0.1274
0.1261
0.1248
0.1236
0.1223
0.1211
0.1199
0.1186
0.1174
0.1161
0.1149
0.1137
0.1124
0.1112
0.1100
0.1088
0.1076
0.1063
0.1051
0.1039
0.1027
0.1015
0.1003
0.0991
0.0979
0.0967
0.0955
0.0944
0.0932
0.0920
0.0908
0.0896
0.0884
0.0873
0.0861
0.0849
0.0838
0.0826
0.0814
0.0803
0.0791
0.0780
0.0768
0.0757
0.0745
0.0734
0.0723
0.0711
0.0700
0.0688
0.0677
0.0666
0.0655
0.0643
0.0632
0.0621
0.0610
0.0599
0.0588
0.0576
0.0565
0.0554
0.0543
0.0532
0.0521
0.0510
0.0499
0.0489
0.0478
0.0467
0.0456
0.0445
0.0434
0.0424
0.0413
0.0402
0.0391
0.0381
0.0370
0.0359
0.0349
0.0338
0.0328
0.0317
0.0306
0.0296
0.0285
0.0275
0.0264
0.0254
0.0244
0.0233
0.0223
0.0213
0.0202
0.0192
0.0182
0.0171
0.0161
0.0151
0.0141
0.0131
0.0120
0.0110
0.0100
0.0090
0.0080
0.0070
0.0060
0.0050
0.0040
0.0030
0.0020
0.0010
0.0000
